StackV
number of iterations: 	100000	200000	300000	400000	500000	600000	700000	800000	900000	1000000	
push time, microseconds: 	842	1047	1740	1444	2308	3731	2388	2832	3755	3550	
pop time, microseconds: 	273	481	817	988	1714	1409	1633	2131	2317	2685	
number of iterations: 	100000	200000	300000	400000	500000	600000	700000	800000	900000	1000000	
push time, microseconds: 	403	650	1059	1530	1803	2127	2686	2877	3176	3267	
pop time, microseconds: 	324	562	831	1072	1352	1538	2021	2034	2158	2573	
number of iterations: 	100000	200000	300000	400000	500000	600000	700000	800000	900000	1000000	
push time, microseconds: 	424	671	1495	1562	1667	1975	2327	2693	3085	3312	
pop time, microseconds: 	241	481	806	1104	1208	1401	1685	2090	2267	2463	
number of iterations: 	100000	200000	300000	400000	500000	600000	700000	800000	900000	1000000	
push time, microseconds: 	353	662	1008	1264	1625	1929	2286	2682	3076	3204	
pop time, microseconds: 	240	481	735	952	1182	1389	1645	2198	2103	2362	
number of iterations: 	100000	200000	300000	400000	500000	600000	700000	800000	900000	1000000	
push time, microseconds: 	384	670	956	1322	1649	1959	2311	2645	3036	3508	
pop time, microseconds: 	304	487	717	973	1215	1468	1708	2323	2408	2585	


StackL
number of iterations: 	100000	200000	300000	400000	500000	600000	700000	800000	900000	1000000	
push time, microseconds: 	4277	5916	7284	10363	11303	15726	13057	14824	15836	18133	
pop time, microseconds: 	1716	2823	4344	8314	8478	9504	9793	10488	12431	14559	
number of iterations: 	100000	200000	300000	400000	500000	600000	700000	800000	900000	1000000	
push time, microseconds: 	1647	3207	5247	7619	8457	9631	11732	12554	13809	15619	
pop time, microseconds: 	1346	3304	4533	5701	7399	8881	10018	12018	13528	14265	
number of iterations: 	100000	200000	300000	400000	500000	600000	700000	800000	900000	1000000	
push time, microseconds: 	1937	3798	4646	6712	9041	10186	12133	12848	15135	16210	
pop time, microseconds: 	1611	2688	5318	5542	6636	8640	10872	11972	13793	15187	
number of iterations: 	100000	200000	300000	400000	500000	600000	700000	800000	900000	1000000	
push time, microseconds: 	1601	3275	5503	6140	8494	9024	11168	12369	13494	15451	
pop time, microseconds: 	1447	3476	4290	6833	8121	10000	10008	11025	12110	14212	
number of iterations: 	100000	200000	300000	400000	500000	600000	700000	800000	900000	1000000	
push time, microseconds: 	1608	3638	4759	6477	8348	9074	11775	12689	14496	14807	
pop time, microseconds: 	1354	3321	4191	5627	6962	8978	10039	11156	12886	13985	


StackSTD
number of iterations: 	100000	200000	300000	400000	500000	600000	700000	800000	900000	1000000	
push time, microseconds: 	9304	529	871	1145	1362	1639	1959	2192	2486	2832	
pop time, microseconds: 	278	551	803	1118	1397	1772	1965	2370	2803	2977	
number of iterations: 	100000	200000	300000	400000	500000	600000	700000	800000	900000	1000000	
push time, microseconds: 	346	654	877	1105	1387	1673	1988	2202	2492	2750	
pop time, microseconds: 	326	736	826	1087	1400	1688	2094	2359	2624	2939	
number of iterations: 	100000	200000	300000	400000	500000	600000	700000	800000	900000	1000000	
push time, microseconds: 	324	601	867	1093	1335	1703	1944	2272	2524	2834	
pop time, microseconds: 	297	567	838	1174	1292	1698	1979	2837	2521	2950	
number of iterations: 	100000	200000	300000	400000	500000	600000	700000	800000	900000	1000000	
push time, microseconds: 	352	577	861	1130	1452	1637	1980	2323	2534	2791	
pop time, microseconds: 	274	555	859	1051	1496	1710	1971	2496	2455	2909	
number of iterations: 	100000	200000	300000	400000	500000	600000	700000	800000	900000	1000000	
push time, microseconds: 	345	615	867	1141	1367	1593	1856	2125	2455	2664	
pop time, microseconds: 	275	591	829	1067	1458	1621	1890	2179	2428	2695	


StackV
number of item: 	100000	200000	300000	400000	500000	600000	700000	800000	900000	1000000	
clone time, microseconds: 	50	108	164	228	295	413	451	531	616	713	


StackL
number of item: 	100000	200000	300000	400000	500000	600000	700000	800000	900000	1000000	
clone time, microseconds: 	2422	5849	9160	13317	18674	21024	24113	28009	28814	30473	


StackSTD
number of item: 	100000	200000	300000	400000	500000	600000	700000	800000	900000	1000000	
clone time, microseconds: 	131	177	239	295	416	509	544	662	708	1027	


